Classification Report:
              precision    recall  f1-score   support

       Sunny       1.00      0.98      0.99     11650
         Fog       1.00      1.00      1.00     12976
        Rain       0.99      1.00      0.99     12962
        Snow       0.99      1.00      0.99      4589
       Night       1.00      1.00      1.00     12968

    accuracy                           1.00     55145
   macro avg       0.99      1.00      0.99     55145
weighted avg       1.00      1.00      1.00     55145


Training Time: 406.91 seconds
Convergence Epoch: 15
Value Loss: [0.35250794887542725, 0.4366254210472107, 0.2104806900024414, 0.16793738305568695, 0.37483641505241394, 0.22782032191753387, 0.13065265119075775, 0.17902721464633942, 0.09389349073171616, 0.10391642898321152, 0.1304904818534851, 0.08797791600227356, 0.14843212068080902, 0.08072049170732498, 0.06929383426904678, 0.06967846304178238, 0.14850567281246185, 0.0766298696398735, 0.14855004847049713, 0.07361619919538498, 0.09947284311056137, 0.07153230160474777, 0.06846240162849426, 0.06147746741771698, 0.05219879746437073, 0.05030215531587601, 0.05062270164489746, 0.05960774049162865, 0.07063847780227661, 0.04745613783597946, 0.048649147152900696, 0.047505710273981094, 0.05585301294922829, 0.04634181410074234, 0.04629111289978027, 0.0451461523771286, 0.043050456792116165, 0.04959309846162796, 0.04778176546096802, 0.04677389934659004, 0.046413034200668335, 0.04298628494143486, 0.050567589700222015, 0.04341457411646843, 0.04545629024505615, 0.04227524623274803, 0.04729051515460014, 0.041032008826732635, 0.04498475790023804, 0.04111127555370331]
Final Training Accuracy: 99.03%
Final Validation Accuracy: 99.53%
